1440	59
1800	71
1920	55
1920	59
1920	64
1920	71
2160	55
2160	59
2160	64
2400	55
2400	59
2400	64
2640	55
2640	59
2640	64
2880	55
2880	59
2880	64
3120	55
3120	59
3120	64
3360	55
3360	59
3360	64
3370	72
3600	55
3600	59
3600	64
3840	54
3840	57
3840	64
3850	71
4080	54
4080	57
4080	64
4320	54
4320	57
4320	64
4560	54
4560	57
4560	64
4800	54
4800	57
4800	63
5040	54
5040	57
5040	63
5280	54
5280	57
5280	63
5290	72
5520	54
5520	57
5520	63
5760	53
5760	57
5760	63
5770	71
6000	53
6000	57
6000	63
6240	53
6240	57
6240	63
6480	53
6480	57
6480	63
6720	53
6720	57
6720	62
6960	53
6960	57
6960	62
7200	53
7200	56
7200	62
7200	72
7440	53
7440	56
7440	62
7680	52
7680	56
7680	62
7680	71
7920	52
7920	56
7920	62
8160	52
8160	56
8160	62
8400	52
8400	56
8400	62
8640	52
8640	55
8640	62
8880	52
8880	55
8880	62
9120	52
9120	55
9120	61
9125	70
9360	52
9360	55
9360	61
9600	52
9600	55
9600	60
9605	69
9840	52
9840	55
9840	60
10080	52
10080	55
10080	60
10320	52
10320	55
10320	60
10560	52
10560	54
10560	60
10800	52
10800	54
10800	60
11040	52
11040	54
11040	60
11045	71
11280	52
11280	54
11280	60
11520	52
11520	54
11520	60
11525	69
11760	52
11760	54
11760	60
12000	52
12000	54
12000	60
12240	52
12240	54
12240	60
12480	51
12480	54
12480	60
12720	51
12720	54
12720	60
12960	51
12960	54
12960	60
12965	71
13200	54
13200	51
13200	60
13440	50
13440	54
13440	60
13445	69
13680	50
13680	54
13680	60
13920	50
13920	54
13920	60
14160	50
14160	54
14160	60
14400	50
14400	54
14400	60
14640	50
14640	54
14640	60
14880	50
14880	54
14880	60
14880	71
15120	50
15120	54
15120	60
15240	69
15360	50
15360	53
15360	60
15370	69
15600	50
15600	53
15600	60
15840	50
15840	53
15840	60
16080	50
16080	53
16080	60
16320	50
16320	53
16320	59
16560	50
16560	53
16560	59
16800	50
16800	53
16800	59
16800	68
17040	50
17040	53
17040	59
17280	48
17280	52
17280	59
17520	48
17520	59
17520	52
17760	48
17760	57
17760	52
17760	69
18000	48
18000	57
18000	52
18000	71
18240	48
18240	52
18240	57
18240	74
18480	48
18480	57
18480	52
18480	72
18720	48
18720	52
18720	57
18720	64
18960	48
18960	52
18960	57
18960	69
19200	47
19200	52
19200	57
19200	66
19440	47
19440	57
19440	52
19680	47
19680	57
19680	51
19920	47
19920	51
19920	57
20160	48
20160	57
20160	52
20400	48
20400	52
20400	57
20640	48
20640	52
20640	57
20640	69
20880	48
20880	52
20880	57
21120	47
21120	51
21120	57
21120	66
21360	47
21360	51
21360	57
21600	47
21600	51
21600	57
21840	47
21840	51
21840	57
22080	48
22080	52
22080	57
22320	48
22320	52
22320	57
22500	71
22560	48
22560	52
22560	57
22560	69
22800	48
22800	52
22800	57
23040	47
23040	51
23040	57
23040	67
23280	66
23520	60
23760	59
24000	63
24240	66
24480	74
24640	72
24800	71
24960	55
24960	59
24960	64
24960	71
25200	55
25200	59
25200	64
25440	55
25440	59
25440	64
25680	55
25680	59
25680	64
25920	55
25920	59
25920	64
26160	55
26160	59
26160	64
26400	55
26400	59
26400	64
26410	72
26640	55
26640	59
26640	64
26880	54
26880	57
26880	64
26890	71
27120	54
27120	57
27120	64
27360	54
27360	57
27360	64
27600	54
27600	57
27600	64
27840	53
27840	57
27840	63
28080	53
28080	57
28080	63
28320	53
28320	57
28320	63
28325	72
28560	53
28560	57
28560	63
28800	53
28800	56
28800	63
28805	71
29040	53
29040	56
29040	63
29280	53
29280	56
29280	62
29520	53
29520	56
29520	62
29760	52
29760	56
29760	62
30000	52
30000	56
30000	62
30240	52
30240	56
30240	62
30240	72
30480	52
30480	56
30480	62
30720	52
30720	55
30720	62
30720	71
30960	52
30960	55
30960	62
31080	70
31200	52
31200	55
31200	61
31200	70
31440	52
31440	55
31440	61
31440	71
31500	70
31560	69
31620	70
31680	49
31680	52
31680	58
31680	79
31920	49
31920	52
31920	58
32160	48
32160	52
32160	57
32160	78
32400	48
32400	52
32400	57
32520	76
32640	35
32640	47
32640	76
32880	60
32880	57
32880	69
32880	66
32880	75
33120	57
33120	60
33120	66
33120	69
33120	84
33360	57
33360	60
33360	66
33360	69
33360	75
33600	59
33600	55
33600	66
33600	63
33600	75
33840	59
33840	55
33840	64
33840	76
34080	55
34080	59
34080	64
34080	79
34320	55
34320	59
34320	64
34320	71
34560	60
34560	57
34560	64
34560	74
34800	57
34800	60
34800	64
34800	72
35040	45
35040	76
35200	64
35280	54
35280	52
35280	60
35360	69
35520	47
35520	52
35520	59
35520	66
35760	47
35760	52
35760	59
36000	48
36000	52
36000	57
36240	48
36240	52
36240	57
36240	69
36480	47
36480	52
36480	59
36480	66
36720	47
36720	52
36720	59
36960	47
36960	59
36964	52
37200	47
37200	52
37200	59
37440	48
37440	52
37440	57
37680	48
37680	52
37680	57
37860	71
37920	48
37920	52
37920	57
37920	69
38160	48
38160	52
38160	57
38400	47
38400	52
38400	59
38400	66
38640	47
38640	52
38640	59
38880	47
38880	59
38884	52
39120	47
39120	52
39120	59
39360	47
39360	51
39360	59
39600	47
39600	51
39600	59
39840	47
39840	51
39840	57
40080	47
40080	51
40080	57
40200	64
40320	48
40320	55
40320	64
40560	48
40560	55
40800	48
40800	55
41040	48
41040	55
41280	48
41280	58
41520	48
41520	58
41760	48
41760	52
41760	57
41760	66
42000	48
42000	52
42000	57
42240	47
42240	52
42240	57
42240	64
42480	47
42480	52
42480	57
42720	47
42720	56
42724	52
42960	47
42960	52
42960	56
43200	47
43200	52
43200	55
43440	47
43440	52
43440	55
43680	47
43680	52
43680	55
43680	66
43920	47
43920	52
43920	55
44160	46
44160	48
44160	55
44160	64
46080	35
46080	47
46080	52
46080	54
46080	59
46080	64
47040	35
47040	42
47040	47
47040	54
47040	59
47040	51
47040	63
48000	28
48000	40
48000	59
48000	52
48000	55
48000	64
