720	34
720	46
960	33
960	45
1320	31
1320	43
1440	31
1440	43
1680	60
1680	57
1680	63
1920	51
2160	57
2160	62
2160	50
2400	30
2400	42
2640	33
2640	45
2880	33
2880	45
3120	63
3120	60
3120	66
3360	54
3600	55
3600	67
3840	34
3840	46
4080	31
4080	43
4320	34
4320	46
4560	63
4560	60
4560	67
4800	55
5040	60
5040	54
5040	66
5280	33
5280	45
5520	36
5520	48
5760	36
5760	48
6000	63
6000	66
6000	69
6240	57
6480	67
6480	58
6480	70
6720	38
6720	50
6960	34
6960	46
7200	49
7200	61
7440	75
7440	70
7440	79
7680	67
7920	69
7920	66
7920	74
7920	78
8160	50
8160	62
8400	45
8400	57
8640	47
8640	59
8880	73
8880	68
8880	77
9120	65
9360	64
9360	67
9360	72
9360	76
9600	48
9600	60
9840	43
9840	55
10080	47
10080	59
10320	73
10320	68
10320	77
10560	65
10800	64
10800	72
10800	67
10800	76
11040	48
11040	60
11280	43
11280	55
11520	43
11520	55
11760	63
11760	69
11760	42
11760	72
11760	75
11760	54
12000	43
12000	55
12240	46
12240	58
12480	45
12480	57
12840	43
12840	55
12960	43
12960	55
13200	72
13200	69
13200	75
13440	63
13680	69
13680	74
13680	62
13920	42
13920	54
14160	45
14160	57
14400	45
14400	57
14640	75
14640	72
14640	78
14880	66
15120	67
15120	79
15360	46
15360	58
15600	43
15600	55
15840	46
15840	58
16080	75
16080	72
16080	79
16320	67
16560	72
16560	66
16560	78
16800	45
16800	57
17040	48
17040	60
17280	48
17280	60
17520	78
17520	75
17520	81
17760	69
18000	79
18000	70
18000	82
18240	50
18240	62
18480	46
18480	58
18720	55
18720	67
18960	79
18960	51
18960	82
18960	63
19200	50
19200	70
19200	62
19440	50
19440	62
19680	76
19680	79
19680	81
19920	49
19920	69
19920	61
20160	53
20160	65
20400	77
20400	49
20400	80
20400	61
20640	48
20640	68
20640	60
20880	48
20880	60
21120	74
21120	77
21120	79
21360	47
21360	67
21360	59
21600	51
21600	63
21840	67
21840	48
21840	75
21840	60
22080	46
22080	63
22080	58
22320	45
22320	57
22560	72
22560	66
22560	48
22560	75
22560	60
22800	44
22800	63
22800	56
23040	67
23040	63
23040	43
23040	72
23040	75
23040	55
23280	63
23280	68
23280	42
23280	72
23280	75
23280	54
23520	41
23520	53
23760	40
23760	52
24000	39
24000	51
24240	38
24240	50
24480	37
24480	49
24720	68
24720	73
24720	49
24720	77
24720	61
24960	49
24960	65
24960	61
25200	49
25200	61
25440	70
25440	75
25440	49
25440	79
25440	61
25680	49
25680	67
25680	61
25920	48
25920	60
26160	72
26160	75
26160	46
26160	80
26160	58
26400	44
26400	68
26400	56
26640	43
26640	55
26880	72
26880	68
26880	41
26880	75
26880	53
27120	39
27120	63
27120	51
27360	37
27360	49
27600	68
27600	73
27600	49
27600	77
27600	61
27840	49
27840	65
27840	61
28080	49
28080	61
28320	75
28320	70
28320	49
28320	79
28320	61
28560	49
28560	67
28560	61
28800	48
28800	60
29040	72
29040	75
29040	46
29040	80
29040	58
29280	44
29280	68
29280	56
29520	43
29520	55
29760	72
29760	75
29760	41
29760	79
29760	53
30000	39
30000	67
30000	51
30240	38
30240	50
30480	68
30480	74
30480	48
30480	77
30480	60
30720	48
30720	65
30720	60
30960	48
30960	60
31200	74
31200	69
31200	48
31200	78
31200	60
31440	48
31440	66
31440	60
31680	46
31680	58
31920	70
31920	74
31920	45
31920	79
31920	57
32160	43
32160	67
32160	55
32400	39
32400	51
32640	67
32640	69
32640	38
32640	72
32640	50
32880	36
32880	60
32880	48
33120	34
33120	46
33360	67
33360	70
33360	74
33600	62
33840	39
33840	51
34080	63
34080	58
34080	67
34320	55
34560	33
34560	45
34800	63
34800	67
34800	72
35040	60
35280	38
35280	50
35520	66
35520	70
35760	69
35760	60
36000	37
36000	49
36240	68
36240	73
36240	49
36240	77
36240	61
36480	49
36480	65
36480	61
36720	49
36720	61
36960	75
36960	70
36960	49
36960	79
36960	61
37200	49
37200	67
37200	61
37440	48
37440	60
37680	72
37680	75
37680	46
37680	80
37680	58
37920	44
37920	68
37920	56
38160	43
38160	55
38400	72
38400	68
38400	41
38400	75
38400	53
38640	39
38640	63
38640	51
38880	37
38880	49
39120	68
39120	73
39120	49
39120	77
39120	61
39360	49
39360	65
39360	61
39600	49
39600	61
39840	75
39840	70
39840	49
39840	79
39840	61
40080	49
40080	67
40080	61
40320	48
40320	60
40560	72
40560	75
40560	46
40560	80
40560	58
40800	44
40800	68
40800	56
41040	43
41040	55
41280	72
41280	75
41280	41
41280	79
41280	53
41520	39
41520	67
41520	51
41760	38
41760	50
42000	68
42000	74
42000	48
42000	77
42000	60
42240	48
42240	65
42240	60
42480	48
42480	60
42720	74
42720	69
42720	48
42720	78
42720	60
42960	48
42960	66
42960	60
43200	46
43200	58
43440	70
43440	74
43440	45
43440	79
43440	57
43680	43
43680	67
43680	55
43920	39
43920	51
44160	67
44160	69
44160	38
44160	72
44160	50
44400	36
44400	60
44400	48
44640	34
44640	46
44880	67
44880	70
44880	74
45120	62
45360	39
45360	51
45600	63
45600	58
45600	67
45840	55
46080	33
46080	45
46320	63
46320	67
46320	72
46560	60
46800	38
46800	50
47040	66
47040	70
47280	69
47280	60
47520	34
47520	46
47760	67
47760	70
47760	74
48000	62
48240	39
48240	51
48480	58
48480	63
48480	67
48720	55
48960	33
48960	45
49200	63
49200	67
49200	72
49440	66
49440	60
49680	34
49680	46
49920	58
49920	63
49920	33
49920	67
49920	45
50160	55
50280	31
50280	43
50400	31
50400	43
50640	60
50640	57
50640	63
50880	51
51120	57
51120	50
51120	62
51360	30
51360	42
51600	33
51600	45
51840	33
51840	45
52080	63
52080	60
52080	66
52320	54
52560	55
52560	67
52800	34
52800	46
53040	31
53040	43
53280	33
53280	45
53520	63
53520	60
53520	66
53760	54
54000	55
54000	67
54240	34
54240	46
54480	31
54480	43
54720	33
54720	45
54960	75
54960	72
54960	78
55200	66
55440	67
55440	79
55680	34
55680	46
55920	31
55920	43
56160	82
56160	79
56160	25
56160	87
56160	91
56160	37
57600	26
57600	62
57600	67
57600	38
57600	70
57600	74
58320	38
58320	45
58320	50
58320	54
58320	60
58320	66
58320	62
58920	31
59040	43
59070	50
59100	55
59130	58
59160	62
59190	67
