0	38
120	45
240	53
360	38
480	57
720	38
840	45
960	53
1080	38
1200	57
1440	38
1560	45
1680	53
1800	38
1920	57
2160	38
2280	45
2400	53
2520	38
2640	57
2880	38
2880	69
3000	45
3120	53
3240	38
3360	57
3360	65
3600	38
3600	62
3720	45
3840	53
3960	38
4080	57
4320	38
4440	45
4560	53
4680	38
4800	57
5040	38
5040	65
5160	45
5280	53
5280	69
5400	38
5520	57
5640	74
5760	38
5760	72
5880	45
6000	53
6120	38
6240	57
6480	38
6600	45
6720	53
6840	38
6960	57
7080	70
7200	38
7200	69
7320	45
7440	53
7560	38
7680	57
7920	38
8040	45
8160	53
8280	38
8400	57
8520	69
8640	38
8640	69
8760	45
8880	53
9000	38
9120	57
9240	65
9276	62
9304	64
9332	65
9360	38
9360	64
9480	45
9600	53
9600	62
9720	38
9840	57
10080	38
10200	45
10320	53
10440	38
10560	57
10560	65
10800	38
10800	69
10920	45
11040	53
11040	74
11160	38
11280	57
11400	77
11520	38
11520	76
11640	45
11760	53
11880	38
12000	57
12240	38
12360	45
12480	53
12600	38
12720	57
12840	74
12960	38
12960	69
13080	45
13200	53
13320	38
13320	69
13380	71
13440	57
13440	72
13500	71
13560	72
13620	71
13680	38
13680	72
13740	71
13800	43
13800	72
13860	71
13920	53
13920	72
13980	71
14040	38
14040	72
14100	71
14160	55
14160	72
14220	71
14280	69
14340	71
14400	36
14400	72
14520	45
14640	53
14760	36
14880	57
15120	36
15120	70
15240	45
15360	53
15480	36
15600	57
15600	69
15840	36
15840	67
15900	69
15960	43
15960	67
16020	69
16080	53
16080	67
16140	69
16200	36
16200	67
16260	69
16320	55
16320	67
16380	69
16440	65
16500	67
16560	36
16560	69
16680	43
16800	53
16920	36
17040	55
17160	65
17280	36
17280	60
17400	46
17520	53
17640	36
17760	55
18000	36
18120	46
18240	53
18360	36
18480	55
18720	36
18720	60
18840	46
18864	62
18912	60
18960	52
18960	59
19008	60
19056	62
19080	36
19104	64
19152	65
19200	55
19200	67
19248	69
19296	70
19344	72
19392	74
19440	36
19440	76
19488	77
19536	79
19560	46
19584	81
19632	82
19680	52
19680	84
19728	86
19776	88
19800	36
19824	89
19872	91
19920	55
19920	93
19968	94
20016	96
20064	98
20112	100
20160	41
20160	101
20280	48
20400	57
20520	41
20640	60
20880	41
21000	48
21120	57
21240	41
21360	60
21600	71
21600	41
21660	72
21720	51
21720	71
21780	72
21840	57
21840	71
21900	72
21960	41
21960	71
22020	72
22080	59
22080	71
22140	72
22200	69
22260	71
22320	41
22320	72
22440	47
22560	57
22680	41
22800	59
22920	69
23040	40
23040	64
23160	48
23280	57
23400	40
23520	60
23520	89
23760	40
23880	48
24000	57
24036	88
24073	84
24110	81
24120	40
24147	77
24184	76
24221	72
24240	60
24258	69
24295	65
24332	64
24369	60
24406	57
24443	53
24480	40
24480	52
24600	50
24720	56
24840	40
24960	59
24960	52
25056	53
25088	52
25120	51
25152	52
25184	54
25200	40
25216	56
25248	57
25280	59
25312	60
25320	50
25344	62
25376	64
25408	66
25440	56
25440	68
25472	69
25504	71
25536	72
25560	40
25568	74
25600	76
25632	78
25664	80
25680	59
25696	81
25728	83
25760	84
25792	86
25824	88
25856	90
25888	92
25920	33
25920	93
26040	40
26160	48
26280	33
26400	52
26640	33
26760	40
26880	48
27000	33
27120	52
27360	33
27480	40
27600	48
27720	33
27840	52
28080	33
28200	40
28320	48
28440	33
28560	52
28800	33
28800	64
28920	40
29040	48
29160	33
29280	52
29280	60
29520	33
29520	57
29640	40
29760	48
29880	33
30000	52
30240	33
30360	40
30480	48
30600	33
30720	52
30960	33
30960	60
31080	40
31200	48
31200	64
31320	33
31440	52
31560	69
31680	33
31680	67
31800	40
31920	48
32040	33
32160	52
32400	33
32520	40
32640	48
32760	33
32880	52
33000	65
33120	33
33120	64
33240	40
33360	48
33480	33
33600	52
33840	33
33960	40
34080	48
34200	33
34320	52
34440	64
34560	33
34560	64
34680	40
34800	48
34920	33
35040	52
35160	60
35196	57
35224	59
35252	60
35280	33
35280	59
35400	40
35520	48
35520	57
35640	33
35760	52
36000	33
36120	40
36240	48
36360	33
36480	52
36480	60
36720	33
36720	64
36840	40
36960	48
36960	69
37080	33
37200	52
37320	72
37440	33
37440	71
37560	40
37680	48
37800	33
37920	52
38160	33
38280	40
38400	48
38520	33
38640	52
38760	69
38880	33
38880	64
39000	40
39120	48
39240	33
39240	64
39300	66
39360	52
39360	67
39420	66
39480	67
39540	66
39600	33
39600	67
39660	66
39720	38
39720	67
39780	66
39840	48
39840	67
39900	66
39960	33
39960	67
40020	66
40080	50
40080	67
40140	66
40200	64
40260	66
40320	31
40320	67
40440	40
40560	48
40680	31
40800	52
41040	31
41040	65
41160	40
41280	48
41400	31
41520	52
41520	64
41760	31
41760	62
41820	64
41880	38
41880	62
41940	64
42000	48
42000	62
42060	64
42120	31
42120	62
42180	64
42240	50
42240	62
42300	64
42360	60
42420	62
42480	31
42480	64
42600	38
42720	48
42840	31
42960	50
43080	60
43200	31
43200	55
43320	38
43440	48
43560	31
43680	50
43920	31
44040	38
44160	48
44280	31
44400	50
44640	31
44640	55
44760	41
44784	57
44832	55
44880	47
44880	54
44928	55
44976	57
45000	31
45024	59
45072	60
45120	50
45120	62
45168	64
45216	65
45264	67
45312	69
45360	31
45360	71
45408	72
45456	74
45480	41
45504	76
45552	77
45600	47
45600	79
45648	81
45696	83
45720	31
45744	84
45792	86
45840	50
45840	88
45888	89
45936	91
45984	93
46032	95
46080	36
46080	96
46200	43
46320	52
46440	36
46560	55
46800	36
46920	43
47040	52
47160	36
47280	55
47520	66
47520	36
47580	67
47640	42
47640	66
47700	67
47760	52
47760	66
47820	67
47880	36
47880	66
47940	67
48000	54
48000	66
48060	67
48120	64
48180	66
48240	36
48240	67
48360	42
48480	52
48600	36
48720	54
48840	64
48960	35
48960	59
49080	43
49200	52
49320	35
49440	55
49440	84
49680	35
49728	83
49784	79
49800	43
49840	76
49896	72
49920	52
49952	71
50008	67
50040	35
50064	64
50120	60
50160	55
50176	59
50232	55
50288	52
50344	48
50400	35
50400	47
50520	45
50640	51
50760	35
50880	54
51120	35
51192	48
51228	51
51240	45
51264	54
51300	57
51336	60
51360	51
51372	63
51408	66
51444	69
51480	35
51480	72
51516	75
51552	78
51588	81
51600	54
51624	84
51660	87
51696	90
51732	93
51768	96
51804	99
51840	40
51840	100
51960	47
52080	55
52200	40
52320	59
52560	40
52560	67
52680	47
52800	55
52920	40
53040	59
53280	39
53400	47
53520	55
53640	39
53760	59
53760	67
53920	67
53960	70
54000	38
54000	68
54120	47
54240	53
54360	38
54480	55
54600	67
54720	36
54720	67
54840	43
54960	51
55080	36
55200	55
55200	63
55440	36
55440	60
55560	43
55680	51
55800	36
55920	55
56160	36
56280	43
56400	51
56520	36
56640	55
56880	36
56880	63
57000	43
57120	51
57120	67
57240	36
57360	55
57480	72
57600	36
57600	70
57720	44
57840	51
57960	36
58080	56
58080	68
58320	36
58320	63
58440	44
58560	51
58680	36
58800	56
59040	36
59160	44
59280	54
59280	68
59400	36
59520	56
59640	68
59760	36
59760	68
59880	44
59880	65
60000	54
60000	66
60120	36
60120	63
60240	56
60240	66
60360	56
60480	37
60480	68
60600	44
60720	53
60840	37
60960	56
60960	65
61200	37
61200	61
61320	44
61440	53
61560	37
61680	56
61920	37
62040	44
62160	53
62280	37
62400	56
62400	65
62640	37
62640	68
62760	44
62880	53
62880	73
63000	37
63120	56
63240	77
63360	37
63360	75
63480	44
63600	53
63720	37
63840	56
63840	73
64080	37
64080	68
64200	44
64320	53
64440	37
64560	56
64800	37
64920	44
65040	53
65160	37
65280	56
65280	65
65520	37
65520	68
65640	44
65760	53
65760	73
65880	37
66000	56
66120	77
66240	37
66240	75
66360	45
66480	53
66600	37
66720	57
66720	73
66960	37
66960	69
67080	45
67200	53
67320	37
67440	57
67680	37
67800	45
67920	53
67920	69
68040	37
68160	57
68160	69
68400	37
68400	69
68520	45
68640	53
68640	65
68760	37
68880	57
69000	67
69120	37
69120	69
69240	45
69360	53
69480	37
69600	57
69840	37
69960	45
70080	53
70200	37
70320	57
70560	37
70680	45
70800	53
70800	69
70800	81
70920	37
71040	57
71040	81
71040	69
71280	37
71280	69
71280	81
71400	45
71460	84
71460	72
71520	53
71520	82
71520	70
71640	37
71760	57
71880	69
71880	81
72000	38
72000	69
72000	81
72120	45
72240	53
72360	38
72480	57
72480	65
72480	77
72720	38
72720	74
72720	62
72840	45
72960	53
73080	38
73200	57
73440	38
73560	45
73680	53
73800	38
73920	57
73920	65
73920	77
74160	38
74160	81
74160	69
74280	45
74400	53
74400	86
74400	74
74520	38
74640	57
74760	89
74760	77
74880	34
74880	88
74880	76
75000	43
75120	50
75240	34
75360	52
75360	86
75360	74
75600	34
75600	67
75600	79
75720	43
75840	50
75840	86
75840	74
75960	34
76080	52
76200	89
76200	77
76320	34
76320	76
76320	88
76440	44
76560	50
76680	34
76800	53
76800	86
76800	74
77040	34
77040	80
77040	68
77160	44
77280	50
77280	74
77280	86
77400	34
77520	53
77520	89
77520	77
77760	98
77760	101
77760	34
77840	100
77840	97
77880	44
77920	96
77920	99
78000	50
78000	98
78000	95
78080	97
78080	94
78120	34
78160	93
78160	96
78240	53
78240	95
78240	92
78320	91
78320	94
78400	93
78400	90
78480	92
78480	89
78480	34
78560	88
78560	91
78600	44
78640	87
78640	90
78720	50
78720	89
78720	86
78800	85
78800	88
78840	34
78880	84
78880	87
78960	53
78960	83
78960	86
79040	85
79040	82
79120	84
79120	81
79200	80
79200	83
79200	34
79280	82
79280	79
79320	44
79360	78
79360	81
79440	50
79440	80
79440	77
79520	79
79520	76
79560	34
79600	75
79600	78
79680	77
79680	74
79680	53
79760	73
79760	76
79840	75
79840	72
79920	74
79920	71
79920	34
80000	70
80000	73
80040	44
80080	72
80080	69
80160	50
80160	68
80160	71
80240	70
80240	67
80280	34
80320	69
80320	66
80400	65
80400	68
80400	53
80480	64
80480	67
80560	62
80560	67
80640	33
80640	57
80760	41
80880	50
81000	33
81120	53
81240	69
81360	33
81360	69
81480	41
81600	50
81720	33
81840	53
82080	33
82200	41
82320	50
82320	67
82440	33
82560	53
82680	65
82800	33
82800	64
82920	41
82920	65
83020	64
83040	50
83120	62
83160	33
83220	64
83280	53
83320	65
83420	62
83520	33
83520	69
83520	57
83640	41
83760	50
83880	33
84000	53
84000	93
84000	81
84240	33
84240	93
84240	81
84360	41
84480	50
84600	33
84720	53
84960	33
85080	41
85200	50
85200	91
85200	79
85320	33
85440	53
85560	89
85560	77
85680	33
85680	88
85680	76
85800	41
85800	89
85800	77
85900	88
85900	76
85920	50
86000	86
86000	74
86040	33
86100	88
86100	76
86160	53
86200	89
86200	77
86340	86
86340	74
86400	33
86400	82
86400	94
86520	43
86640	50
86640	88
86640	76
86760	33
86880	52
86880	77
86880	89
87120	33
87120	93
87120	81
87240	43
87360	50
87360	91
87360	79
87480	33
87600	52
87600	70
87600	82
87840	33
87840	74
87840	86
87960	43
88080	50
88080	79
88080	67
88200	33
88320	52
88320	69
88320	81
88560	33
88560	72
88560	84
88680	43
88800	50
88800	70
88800	82
88920	33
89040	52
89160	64
89160	76
89280	33
89280	79
89280	67
89400	43
89520	50
89520	58
89520	70
89640	33
89760	52
89760	60
89760	72
90000	33
90000	64
90000	76
90120	43
90240	50
90240	62
90240	74
90360	33
90480	52
90480	67
90480	55
90720	33
90720	58
90720	70
90840	43
90960	50
91080	33
91200	52
91440	33
91440	61
91440	49
91560	43
91680	45
91800	33
91920	52
92160	38
92160	50
92160	62
92280	45
92400	53
92520	38
92640	57
92880	38
93000	45
93120	53
93240	38
93360	57
93600	38
93600	89
93600	101
93720	44
93840	53
93960	38
94080	56
94200	100
94240	98
94280	95
94320	38
94320	91
94360	89
94400	88
94440	44
94440	86
94480	83
94520	79
94560	53
94560	77
94600	76
94640	74
94680	38
94680	71
94720	67
94760	65
94800	56
94800	64
94840	62
94880	59
94920	55
94960	53
95000	52
95040	38
95040	50
95160	45
95280	53
95400	38
95520	57
95760	38
95880	45
96000	53
96120	38
96240	57
96480	38
96480	59
96480	65
96480	71
96600	44
96720	53
96840	38
96960	56
97200	38
97200	58
97200	70
97320	44
97440	53
97560	38
97680	56
97920	38
97920	57
97920	65
97920	69
98040	45
98160	53
98280	38
98400	57
98640	38
98760	45
98880	53
99000	38
99120	57
99360	38
99360	89
99360	101
99480	44
99600	53
99720	38
99840	56
99960	100
100000	98
100040	95
100080	38
100080	91
100120	89
100160	88
100200	44
100200	86
100240	83
100280	79
100320	53
100320	77
100360	76
100400	74
100440	38
100440	71
100480	67
100520	65
100560	56
100560	64
100600	62
100640	59
100680	55
100720	53
100760	52
100800	38
100800	50
100920	45
101040	53
101160	38
101280	57
101520	38
101640	45
101760	53
101880	38
102000	57
102240	59
102240	65
102240	38
102240	71
102360	44
102384	65
102384	59
102384	71
102480	53
102528	65
102528	59
102528	71
102600	38
102672	59
102672	65
102672	71
102720	56
102816	65
102816	59
102816	71
102960	38
102960	58
102960	65
102960	70
103080	44
103104	58
103104	65
103104	70
103200	53
103248	58
103248	65
103248	70
103320	38
103392	65
103392	58
103392	70
103440	56
103536	65
103536	58
103536	70
103680	38
103710	45
103740	53
103770	57
103800	65
103860	69
104400	69
104400	65
104400	74
104400	77
104400	86
104400	98
105120	94
105180	93
105240	89
105300	86
105360	82
105420	81
105480	77
105540	74
105600	70
105660	69
105720	65
105780	62
105840	58
105900	57
105960	53
106020	50
106080	46
106140	45
106200	41
106260	38
106320	34
106380	33
106440	29
106500	28
106560	26
108000	26
109440	26
