960	70
1440	39
1440	70
1600	55
1600	58
1760	46
1760	67
1920	39
1920	75
2080	55
2080	63
2240	46
2240	70
2400	39
2400	79
2560	58
2560	67
2720	46
2720	75
2880	39
2880	82
3040	63
3040	70
3200	55
3200	79
3360	46
3360	87
3520	67
3520	75
3680	58
3680	82
3840	51
3840	91
4000	70
4000	79
4160	58
4160	82
4320	51
4320	89
4480	71
4480	74
4640	59
4640	80
4800	51
4800	87
4960	72
4960	75
5120	60
5120	80
5280	51
5280	84
5440	68
5440	72
5600	62
5600	80
5760	51
5760	84
5920	67
5920	72
6080	63
6080	79
6240	58
6240	82
6400	67
6400	70
6560	63
6560	75
6720	51
6720	79
6880	63
6880	67
7040	55
7040	70
7200	41
7200	75
7360	60
7360	63
7520	53
7520	69
7680	48
7680	74
7840	60
7840	62
8000	53
8000	69
8160	41
8160	75
8320	60
8320	63
8480	53
8480	69
8640	46
8640	79
8800	63
8800	67
8960	53
8960	70
9120	50
9120	77
9280	62
9280	65
9440	53
9440	70
9600	46
9600	74
9760	58
9760	62
9920	53
9920	65
10080	41
10080	75
10240	60
10240	63
10400	53
10400	69
10560	48
10560	74
10720	59
10720	62
10880	53
10880	69
11040	41
11040	75
11200	60
11200	63
11360	53
11360	69
11520	46
11520	79
11680	63
11680	67
11840	56
11840	72
12000	53
12000	77
12160	62
12160	65
12320	53
12320	68
12480	46
12480	72
12640	56
12640	60
12800	50
12800	65
12960	39
12960	70
13120	55
13120	58
13280	46
13280	67
13440	39
13440	75
13600	55
13600	63
13760	46
13760	70
13920	39
13920	79
14080	58
14080	67
14240	46
14240	75
14400	39
14400	82
14560	63
14560	70
14720	55
14720	79
14880	46
14880	87
15040	67
15040	75
15200	58
15200	82
15360	51
15360	91
15520	70
15520	79
15680	58
15680	82
15840	51
15840	89
16000	71
16000	74
16160	59
16160	80
16320	51
16320	87
16480	72
16480	75
16640	60
16640	80
16800	51
16800	84
16960	68
16960	72
17120	62
17120	80
17280	51
17280	84
17440	67
17440	72
17600	63
17600	79
17760	58
17760	82
17920	67
17920	70
18080	63
18080	75
18240	51
18240	79
18400	63
18400	67
18560	55
18560	75
18720	47
18720	78
18880	63
18880	66
19040	57
19040	75
19200	51
19200	77
19360	63
19360	65
19520	57
19520	75
19680	47
19680	78
19840	63
19840	66
20000	57
20000	75
20160	46
20160	79
20320	62
20320	67
20480	55
20480	74
20640	45
20640	81
20800	62
20800	69
20960	54
20960	74
21120	43
21120	82
21280	62
21280	70
21440	55
21440	74
21600	41
21600	84
21760	70
21760	72
21920	63
21920	77
22080	53
22080	86
22240	70
22240	74
22400	63
22400	77
22560	60
22560	81
22720	65
22720	69
22880	63
22880	77
23040	46
23040	84
23200	63
23200	72
23360	53
23360	77
23520	46
23520	82
23680	62
23680	70
23840	53
23840	77
24000	46
24000	77
24160	61
24160	65
24320	53
24320	70
24480	44
24480	77
24640	59
24640	65
24800	53
24800	71
24960	49
24960	75
25120	59
25120	63
25280	53
25280	70
25440	37
25440	77
25600	59
25600	61
25760	53
25760	68
25920	42
25920	80
26080	58
26080	61
26240	54
26240	70
26400	49
26400	78
26560	58
26560	61
26720	54
26720	70
26880	42
26880	73
27040	58
27040	61
27200	49
27200	70
27360	37
27360	77
27520	59
27520	61
27680	53
27680	71
27840	44
27840	75
28000	59
28000	61
28160	53
28160	70
28320	37
28320	77
28480	59
28480	61
28640	53
28640	68
28800	42
28800	80
28960	58
28960	61
29120	54
29120	70
29280	49
29280	78
29440	58
29440	61
29600	54
29600	70
29760	42
29760	73
29920	58
29920	61
30080	49
30080	70
30240	42
30240	76
30400	58
30400	64
30560	49
30560	70
30720	42
30720	82
30880	61
30880	64
31040	54
31040	73
31200	42
31200	85
31360	64
31360	70
31520	58
31520	76
31680	41
31680	86
31840	65
31840	70
32000	58
32000	77
32160	53
32160	87
32320	67
32320	70
32480	58
32480	79
32640	53
32640	83
32800	65
32800	68
32960	59
32960	74
33120	53
33120	84
33280	65
33280	69
33440	60
33440	75
33600	53
33600	86
33760	65
33760	69
33920	63
33920	77
34080	53
34080	81
34240	63
34240	69
34400	57
34400	72
34560	46
34560	84
34720	63
34720	65
34880	53
34880	75
35040	46
35040	82
35200	62
35200	65
35360	53
35360	74
35520	46
35520	77
35680	61
35680	65
35840	53
35840	70
36000	44
36000	77
36160	59
36160	65
36320	53
36320	71
36480	49
36480	75
36640	59
36640	63
36800	53
36800	70
36960	37
36960	77
37120	59
37120	61
37280	53
37280	68
37440	42
37440	80
37600	58
37600	61
37760	54
37760	70
37920	49
37920	78
38080	58
38080	61
38240	54
38240	70
38400	42
38400	73
38560	58
38560	61
38720	49
38720	70
38880	37
38880	77
39040	59
39040	61
39200	53
39200	71
39360	44
39360	75
39520	59
39520	61
39680	53
39680	70
39840	37
39840	77
40000	59
40000	61
40160	53
40160	68
40320	42
40320	80
40480	58
40480	61
40640	54
40640	70
40800	49
40800	78
40960	58
40960	61
41120	54
41120	70
41280	42
41280	77
41440	58
41440	61
41600	49
41600	70
41760	43
41760	76
41920	58
41920	61
42080	52
42080	70
42240	46
42240	79
42400	61
42400	64
42560	52
42560	73
42720	45
42720	78
42880	60
42880	63
43040	51
43040	72
43200	48
43200	81
43360	63
43360	66
43520	54
43520	75
43680	47
43680	80
43840	62
43840	65
44000	53
44000	74
44160	50
44160	83
44320	65
44320	68
44480	56
44480	77
44640	49
44640	82
44800	64
44800	67
44960	55
44960	76
45120	52
45120	85
45280	67
45280	70
45440	58
45440	79
45600	51
45600	84
45760	66
45760	69
45920	57
45920	78
46080	54
46080	87
46240	69
46240	72
46400	60
46400	81
46560	53
46560	86
46720	68
46720	71
46880	59
46880	80
47040	58
47040	89
47520	39
47520	70
47680	55
47680	58
47840	46
47840	67
48000	39
48000	75
48160	55
48160	63
48320	46
48320	70
48480	39
48480	79
48640	58
48640	67
48800	46
48800	75
48960	39
48960	82
49120	63
49120	70
49280	55
49280	79
49440	46
49440	87
49600	67
49600	75
49760	58
49760	82
49920	51
49920	91
50080	70
50080	79
50240	58
50240	82
50400	51
50400	89
50560	71
50560	74
50720	59
50720	80
50880	51
50880	87
51040	72
51040	75
51200	60
51200	80
51360	51
51360	84
51520	68
51520	72
51680	62
51680	80
51840	51
51840	84
52000	67
52000	72
52160	63
52160	79
52320	58
52320	82
52480	67
52480	70
52640	63
52640	75
52800	51
52800	79
52960	63
52960	67
53120	55
53120	70
53280	41
53280	75
53440	60
53440	63
53600	53
53600	69
53760	48
53760	74
53920	60
53920	62
54080	53
54080	69
54240	41
54240	75
54400	60
54400	63
54560	53
54560	69
54720	46
54720	79
54880	63
54880	67
55040	53
55040	70
55200	50
55200	77
55360	62
55360	65
55520	53
55520	70
55680	46
55680	74
55840	58
55840	62
56000	53
56000	65
56160	41
56160	75
56320	60
56320	63
56480	53
56480	69
56640	48
56640	74
56800	59
56800	62
56960	53
56960	69
57120	41
57120	75
57280	60
57280	63
57440	53
57440	69
57600	46
57600	79
57760	63
57760	67
57920	56
57920	72
58080	53
58080	77
58240	62
58240	65
58400	53
58400	68
58560	46
58560	72
58720	56
58720	60
58880	50
58880	65
59040	39
59040	70
59200	55
59200	58
59360	46
59360	67
59520	39
59520	75
59680	55
59680	63
59840	46
59840	70
60000	39
60000	79
60160	58
60160	67
60320	46
60320	75
60480	39
60480	82
60640	63
60640	70
60800	55
60800	79
60960	46
60960	87
61120	67
61120	75
61280	58
61280	82
61440	51
61440	91
61600	70
61600	79
61760	58
61760	82
61920	45
61920	90
62080	60
62080	75
62240	54
62240	81
62400	47
62400	89
62560	62
62560	74
62720	56
62720	80
62880	49
62880	88
63040	64
63040	73
63200	58
63200	79
63360	51
63360	87
63520	66
63520	72
63680	60
63680	78
63840	53
63840	86
64000	68
64000	71
64160	62
64160	77
64320	55
64320	85
64480	70
64480	73
64640	64
64640	79
64800	56
64800	84
64960	68
64960	72
65120	65
65120	77
65280	60
65280	86
65440	68
65440	72
65600	65
65600	77
65760	56
65760	87
65920	68
65920	72
66080	65
66080	77
66240	53
66240	89
66400	75
66400	77
66560	68
66560	84
66720	63
66720	91
66880	75
66880	79
67040	68
67040	84
67200	56
67200	89
67360	75
67360	77
67520	68
67520	80
67680	44
67680	84
67840	68
67840	72
68000	65
68000	77
68160	60
68160	86
68320	68
68320	74
68480	65
68480	77
68640	53
68640	84
68800	68
68800	72
68960	63
68960	77
69120	46
69120	77
69280	63
69280	65
69440	56
69440	72
69600	53
69600	79
69760	62
69760	65
69920	56
69920	72
70080	46
70080	74
70240	58
70240	62
70400	56
70400	70
70560	39
70560	75
70720	55
70720	63
70880	46
70880	70
71040	39
71040	82
71200	58
71200	67
71360	46
71360	75
71520	39
71520	83
71680	58
71680	67
71840	46
71840	75
72000	39
72000	82
72160	68
72160	56
72320	46
72320	74
72480	39
72480	81
72640	58
72640	68
72800	46
72800	74
72960	39
72960	80
73120	58
73120	68
73280	46
73280	74
73440	39
73440	79
73600	58
73600	67
73760	46
73760	75
73920	39
73920	82
74080	58
74080	67
74240	46
74240	75
74400	39
74400	84
74560	58
74560	67
74720	46
74720	75
74880	39
74880	82
75040	56
75040	68
75200	46
75200	74
75360	39
75360	81
75520	58
75520	68
75680	46
75680	74
75840	39
75840	80
76000	58
76000	68
76160	46
76160	74
76320	39
76320	79
76480	58
76480	67
76640	46
76640	75
76800	39
76800	82
76960	58
76960	67
77120	46
77120	79
77280	43
77280	87
77440	58
77440	75
77600	51
77600	82
77760	43
77760	91
77920	65
77920	74
78080	59
78080	83
78240	50
78240	89
78400	65
78400	74
78560	59
78560	79
78720	48
78720	87
78880	63
78880	72
79040	55
79040	79
79200	45
79200	87
79360	63
79360	72
79520	54
79520	78
79680	51
79680	86
79840	63
79840	71
80000	54
80000	78
80160	44
80160	84
80320	63
80320	72
80480	54
80480	78
80640	46
80640	84
80800	62
80800	68
80960	56
80960	77
81120	53
81120	82
81280	62
81280	67
81440	56
81440	72
81600	46
81600	80
81760	58
81760	65
81920	56
81920	74
82080	39
82080	79
82240	55
82240	63
82400	46
82400	75
82560	39
82560	82
82720	58
82720	67
82880	46
82880	75
83040	39
83040	83
83200	58
83200	67
83360	46
83360	75
83520	39
83520	82
83680	56
83680	68
83840	46
83840	74
84000	39
84000	81
84160	58
84160	68
84320	46
84320	74
84480	39
84480	80
84640	58
84640	68
84800	46
84800	74
84960	39
84960	79
85120	58
85120	67
85280	46
85280	75
85440	39
85440	82
85600	58
85600	67
85760	46
85760	75
85920	39
85920	84
86080	58
86080	67
86240	46
86240	75
86400	39
86400	82
86560	56
86560	68
86720	46
86720	74
86880	39
86880	81
87040	58
87040	68
87200	46
87200	74
87360	39
87360	80
87520	58
87520	68
87680	46
87680	74
87840	39
87840	79
88000	58
88000	67
88160	46
88160	75
88320	39
88320	82
88480	58
88480	70
88640	46
88640	79
88800	39
88800	87
88960	58
88960	75
89120	51
89120	82
89280	31
89280	91
89440	59
89440	74
89600	53
89600	83
89760	43
89760	89
89920	59
89920	74
90080	53
90080	83
90240	44
90240	88
90400	59
90400	74
90560	52
90560	83
90720	45
90720	88
90880	61
90880	73
91040	52
91040	81
91200	45
91200	87
91360	60
91360	72
91520	53
91520	81
91680	45
91680	84
91840	63
91840	69
92000	54
92000	75
92160	46
92160	84
92320	63
92320	69
92480	54
92480	75
92640	46
92640	82
92800	63
92800	70
92960	55
92960	75
93120	34
93120	74
93280	56
93280	62
93440	46
93440	70
93600	39
93600	75
93760	55
93760	63
93920	46
93920	70
94080	39
94080	82
94240	58
94240	63
94400	46
94400	70
94560	39
94560	75
94720	55
94720	63
94880	46
94880	70
95040	39
95040	81
95200	58
95200	63
95360	46
95360	70
95520	39
95520	75
95680	55
95680	63
95840	46
95840	70
96000	39
96000	80
96160	58
96160	63
96320	46
96320	70
96480	39
96480	75
96640	55
96640	63
96800	46
96800	70
96960	39
96960	79
97120	58
97120	63
97280	46
97280	70
97440	39
97440	75
97600	55
97600	63
97760	46
97760	70
97920	39
97920	78
98080	58
98080	63
98240	46
98240	70
98400	39
98400	75
98560	55
98560	63
98720	46
98720	70
98880	39
98880	79
99040	58
99040	63
99200	46
99200	70
99360	39
99360	75
100800	67
100800	70
100800	75
100800	94
100800	87
100800	79
100800	99
102240	39
102240	46
102240	51
102240	55
102240	58
102240	67
102240	63
