0	64
0	70
0	73
0	78
0	55
0	58
0	61
0	66
360	62
360	76
360	68
360	71
360	64
360	53
360	56
360	59
420	25
480	37
540	61
540	73
540	44
600	74
600	62
600	49
660	71
660	83
720	64
720	70
720	73
720	78
720	55
720	58
720	61
720	66
780	27
840	39
900	46
960	73
960	61
1140	70
1140	58
1200	67
1200	55
1230	68
1230	56
1260	69
1260	57
1320	65
1320	53
1380	61
1380	49
1440	62
1440	50
1470	63
1470	51
1500	64
1500	52
1560	60
1560	48
1620	57
1620	45
1680	45
1680	57
1740	64
1740	61
1740	59
1740	55
1860	63
1860	61
1860	59
1860	54
1920	63
1920	61
1920	59
1920	54
1980	33
1980	45
2040	57
2040	45
2100	62
2100	60
2100	58
2100	53
2130	63
2130	61
2130	59
2130	54
2280	69
2280	57
2460	80
2460	75
2460	71
2460	73
2460	68
2460	63
2460	61
2460	59
2580	75
2580	69
2580	68
2580	66
2580	63
2580	57
2580	56
2580	54
2640	78
2640	73
2640	71
2640	69
2640	66
2640	61
2640	59
2640	57
2700	73
2700	68
2700	66
2700	64
2700	61
2700	56
2700	54
2700	52
2760	76
2760	71
2760	69
2760	67
2760	64
2760	59
2760	57
2760	55
2880	33
2880	45
3000	71
3000	66
3000	64
3000	63
3000	59
3000	54
3000	52
3000	50
3120	74
3120	69
3120	67
3120	65
3120	62
3120	57
3120	55
3120	53
3240	31
3240	43
3360	71
3360	66
3360	63
3360	67
3360	59
3360	54
3360	51
3360	55
3420	64
3420	69
3420	72
3420	52
3420	57
3420	60
3480	74
3480	69
3480	67
3480	65
3480	62
3480	57
3480	55
3480	53
3600	31
3600	43
3720	71
3720	66
3720	63
3720	67
3720	59
3720	54
3720	51
3720	55
3780	64
3780	69
3780	72
3780	52
3780	57
3780	60
3840	76
3840	69
3840	67
3840	65
3840	64
3840	57
3840	55
3840	53
3900	83
3960	76
3960	31
3960	43
4020	71
4080	76
4080	71
4080	69
4080	67
4080	64
4080	59
4080	57
4080	55
4140	83
4200	76
4200	31
4200	43
4260	71
4320	76
4320	69
4320	67
4320	65
4320	64
4320	57
4320	55
4320	53
4380	83
4440	76
4440	31
4440	43
4500	71
4560	64
4560	53
4560	59
4560	37
4560	44
4620	83
4680	76
4740	61
4800	62
4860	71
4920	66
4920	55
4920	58
4920	61
4920	39
4920	46
4980	82
5040	75
5100	70
5160	61
5280	61
5340	58
5400	55
5430	56
5460	57
5520	53
5580	49
5640	50
5670	51
5700	52
5760	48
5820	44
5880	38
5910	39
5940	40
6000	36
6060	32
6120	38
6150	39
6180	40
6240	36
6300	32
6360	64
6360	60
6360	56
6360	52
6360	50
6360	38
6390	39
6420	40
6480	36
6540	32
6600	38
6630	39
6660	40
6720	36
6780	32
6810	66
6840	66
6840	62
6840	58
6840	52
6840	38
6870	39
6900	40
6930	68
6960	68
6960	54
6960	60
6960	64
6960	36
7020	32
7050	70
7080	70
7080	56
7080	62
7080	66
7080	38
7110	39
7140	40
7170	72
7200	72
7200	58
7200	64
7200	68
7200	36
7260	32
7290	73
7320	81
7320	76
7320	73
7320	69
7320	67
7320	64
7320	61
7320	58
7320	56
7380	87
7380	82
7380	79
7380	75
7440	90
7440	85
7440	82
7440	78
7440	32
7500	84
7500	79
7500	76
7500	72
7500	69
7560	81
7560	76
7560	73
7560	69
7560	67
7560	64
7560	61
7560	58
7560	56
7620	87
7620	82
7620	79
7620	75
7620	64
7650	66
7680	90
7680	85
7680	82
7680	78
7680	67
7740	84
7740	79
7740	76
7740	72
7740	69
7800	81
7800	76
7800	73
7800	69
7800	64
7800	64
7800	61
7800	58
7800	56
7860	87
7860	82
7860	79
7860	75
7920	90
7920	85
7920	82
7920	78
7920	67
7980	84
7980	79
7980	76
7980	72
8040	81
8040	76
8040	73
8040	69
8040	32
8100	87
8100	82
8100	79
8100	75
8160	90
8160	85
8160	82
8160	78
8160	67
8220	84
8220	79
8220	76
8220	72
8280	87
8280	82
8280	79
8280	75
8280	64
8280	61
8280	58
8280	56
8340	84
8340	79
8340	76
8340	72
8370	70
8400	87
8400	82
8400	79
8400	75
8400	67
8460	84
8460	79
8460	76
8460	72
8520	87
8520	82
8520	79
8520	75
8520	32
8580	84
8580	79
8580	76
8580	72
8610	70
8640	87
8640	82
8640	79
8640	75
8640	67
8700	84
8700	79
8700	76
8700	72
8730	70
8760	54
8760	58
8760	61
8760	73
8760	70
8760	66
8880	97
8880	94
8880	90
8880	85
8880	30
8880	37
8880	42
9090	69
9090	72
9090	76
9100	66
9100	70
9100	73
9110	69
9110	76
9110	72
9120	81
9120	78
9120	74
9210	69
9210	72
9210	76
9220	74
9220	78
9220	81
9230	69
9230	76
9230	72
9240	73
9240	70
9240	66
9240	54
9240	58
9240	61
9360	97
9360	94
9360	90
9360	85
9360	30
9360	37
9360	42
9570	64
9570	60
9570	57
9580	54
9580	58
9580	61
9590	64
9590	60
9590	57
9600	69
9600	66
9600	62
9690	64
9690	60
9690	57
9700	69
9700	66
9700	62
9710	64
9710	60
9710	57
9720	54
9720	58
9720	61
9960	51
9960	53
9960	57
10120	53
10120	56
10120	60
10160	57
10160	53
10160	51
10200	68
10200	64
10200	48
10200	54
10200	58
10320	32
10410	72
10420	68
10430	72
10440	77
10440	63
10440	48
10440	54
10440	57
10560	32
10650	72
10660	77
10670	72
10680	68
10680	64
10680	48
10680	54
10680	58
10800	32
10890	72
10900	68
10910	72
10920	77
10920	63
10920	48
10920	54
10920	57
11010	81
11020	77
11030	81
11040	84
11040	32
11100	87
11160	90
11160	85
11160	82
11160	78
11160	66
11160	61
11160	58
11160	55
11280	25
11520	88
11520	76
11520	83
11520	80
11520	64
11520	53
11520	59
11520	56
11640	25
11700	85
11700	73
11700	61
11760	86
11760	74
11760	62
11820	95
11820	83
11820	71
11880	90
11880	78
11880	85
11880	81
11880	66
11880	55
11880	58
11880	61
12000	25
12120	73
12120	85
12120	61
12300	70
12300	58
12360	67
12360	55
12390	68
12390	56
12420	69
12420	57
12480	65
12480	53
12540	61
12540	49
12600	62
12600	50
12630	63
12630	51
12660	64
12660	52
12720	60
12720	48
12780	57
12780	45
12900	52
12900	40
13020	48
13020	36
13080	57
13080	54
13080	50
13080	45
13080	26
13260	60
13260	56
13260	53
13260	48
13260	29
13320	57
13320	54
13320	50
13320	45
13320	26
13380	60
13380	56
13380	53
13380	48
13380	29
13440	65
13440	62
13440	58
13440	53
13440	34
13500	22
13560	93
13560	81
13560	86
13560	69
13560	70
13560	74
13740	92
13740	80
13740	68
13800	90
13800	78
13800	66
13860	77
13860	89
13860	65
14160	94
14160	82
14160	85
14160	70
14160	73
14280	25
14280	37
14280	44
14280	49
14400	92
14400	80
14400	68
14520	90
14520	78
14520	66
14640	89
14640	77
14640	65
